AttributeBegin
AttributeBegin
  Material "coateddiffuse" "rgb reflectance" [.9 .9 .9] "float roughness" .005
  Translate 250 0 0
  Rotate 90 0 1 0
  Scale 2 1 2
AttributeEnd
AttributeEnd
ObjectBegin "Sweep_32_48_225"
AttributeBegin
    NamedMaterial "Basket col1"
    Shape "plymesh" "string filename" "geometry/mesh_00001.ply"
AttributeEnd
ObjectEnd
AttributeBegin
    Transform [ 0.473892 0 -0.880583 0 0.0620507 -0.997514 0.033393 0 -0.878394 -0.0704654 -0.472714 0 -1214.5 -25.9388 -878.059 1  ]
    AttributeBegin
        NamedMaterial "BG"
    AttributeEnd
AttributeEnd
AttributeBegin
    Transform [ 1 0 0 0 0 1 0 0 0 0 1 0 452 253.5 113.5 1  ]
    AttributeBegin
        NamedMaterial "Plaster"
        Shape "plymesh" "string filename" "geometry/mesh_00003.ply"
    AttributeEnd
AttributeEnd
AttributeBegin
    Transform [ 1 0 0 0 0 1 0 0 0 0 1 0 0 -10 -0.0000038147 1  ]
    AttributeBegin
        NamedMaterial "Material.2"
        Shape "plymesh" "string filename" "geometry/mesh_00004.ply"
    AttributeEnd
AttributeEnd
AttributeBegin
    Transform [ 1 0 0 0 0 1 0 0 0 0 1 0 -160 169.689 -252.037 1  ]
    AttributeBegin
        NamedMaterial "Wood - window "
        Shape "plymesh" "string filename" "geometry/mesh_00005.ply"
    AttributeEnd
AttributeEnd
AttributeBegin
    Transform [ 1 -1.41232e-7 0 0 1.41232e-7 1 2.38877e-8 0 0 -2.38877e-8 1 0 -151.723 0.0381734 89.0401 1  ]
    AttributeBegin
        NamedMaterial "Paper 01 "
        Shape "plymesh" "string filename" "geometry/mesh_00006.ply"
    AttributeEnd
AttributeEnd
AttributeBegin
    Transform [ 1 -1.41232e-7 0 0 0 -6.7599e-8 1 0 -1.41232e-7 -1 -6.75991e-8 0 -138.45 11.5852 81.9996 1  ]
    AttributeBegin
        NamedMaterial "Poster 2"
        Shape "plymesh" "string filename" "geometry/mesh_00007.ply"
    AttributeEnd
AttributeEnd
AttributeBegin
    Transform [ 1 -1.41232e-7 0 0 0 -6.7599e-8 1 0 -1.41232e-7 -1 -6.75991e-8 0 -138.45 11.5852 88.3861 1  ]
    AttributeBegin
        NamedMaterial "Poster 2_dupe"
        Shape "plymesh" "string filename" "geometry/mesh_00008.ply"
    AttributeEnd
AttributeEnd
AttributeBegin
    Transform [ 1 -1.41232e-7 0 0 0 -6.7599e-8 1 0 -1.41232e-7 -1 -6.75991e-8 0 -142.061 19.9298 76.8792 1  ]
    AttributeBegin
        NamedMaterial "Poster 3"
        Shape "plymesh" "string filename" "geometry/mesh_00009.ply"
    AttributeEnd
AttributeEnd
AttributeBegin
    Transform [ 0.086899 0.993259 0.0767191 0 -0.996195 0.0871559 0 0 -0.00668652 -0.0764271 0.997053 0 -136.968 40.9389 96.0232 1  ]
    AttributeBegin
        NamedMaterial "Paper 01 _dupe"
        Shape "plymesh" "string filename" "geometry/mesh_00010.ply"
    AttributeEnd
AttributeEnd
AttributeBegin
    Transform [ 0.086899 0.993259 0.0767191 0 -0.996195 0.0871559 0 0 -0.00668652 -0.0764271 0.997053 0 -137.094 41.7897 96.0876 1  ]
    AttributeBegin
        NamedMaterial "Paper 01 _dupe"
        Shape "plymesh" "string filename" "geometry/mesh_00011.ply"
    AttributeEnd
AttributeEnd
AttributeBegin
    Transform [ 0.086899 0.993259 0.0767191 0 -0.996195 0.0871559 0 0 -0.00668652 -0.0764271 0.997053 0 -137.313 41.0522 96.0296 1  ]
    AttributeBegin
        NamedMaterial "Paper 01 _dupe"
        Shape "plymesh" "string filename" "geometry/mesh_00012.ply"
    AttributeEnd
AttributeEnd
AttributeBegin
    Transform [ 0.086899 0.993259 0.0767191 0 -0.996195 0.0871559 0 0 -0.00668652 -0.0764271 0.997053 0 -137.848 40.23 95.963 1  ]
    AttributeBegin
        NamedMaterial "Paper 01 _dupe"
        Shape "plymesh" "string filename" "geometry/mesh_00013.ply"
    AttributeEnd
AttributeEnd
AttributeBegin
    Transform [ 0.0871559 0.996195 2.98023e-8 0 -0.996195 0.0871559 0 0 0 -2.87504e-8 1 0 -137.648 44.7618 96.09 1  ]
    AttributeBegin
        NamedMaterial "Wood - elements V03"
        Shape "plymesh" "string filename" "geometry/mesh_00014.ply"
    AttributeEnd
AttributeEnd
AttributeBegin
    Transform [ -1.55608e-7 -1 -7.00304e-8 0 1 -1.55608e-7 2.98023e-8 0 -2.98023e-8 -7.00304e-8 1 0 -148.361 37.3492 81.6576 1  ]
    AttributeBegin
        NamedMaterial "Paper 01 _dupe"
        Shape "plymesh" "string filename" "geometry/mesh_00015.ply"
    AttributeEnd
AttributeEnd
AttributeBegin
    Transform [ -1.55608e-7 -1 -7.00304e-8 0 1 -1.55608e-7 2.98023e-8 0 -2.98023e-8 -7.00304e-8 1 0 -147.538 37.3492 81.8131 1  ]
    AttributeBegin
        NamedMaterial "Paper 01 "
        Shape "plymesh" "string filename" "geometry/mesh_00016.ply"
    AttributeEnd
AttributeEnd
AttributeBegin
    Transform [ -0.756929 -0.653491 -0.0026412 0 -0.332776 0.381965 0.862185 0 -0.562421 0.653492 -0.506587 0 -147.962 17.5036 112.232 1  ]
    AttributeBegin
        NamedMaterial "Metal - tins "
        Shape "plymesh" "string filename" "geometry/mesh_00017.ply"
    AttributeEnd
AttributeEnd
AttributeBegin
    Transform [ -0.756929 -0.653491 -0.0026412 0 -0.332776 0.381965 0.862185 0 -0.562421 0.653492 -0.506587 0 -145.198 19.8826 112.245 1  ]
    AttributeBegin
        NamedMaterial "Metal - tins "
        Shape "plymesh" "string filename" "geometry/mesh_00018.ply"
    AttributeEnd
AttributeEnd
AttributeBegin
    Transform [ -0.756929 -0.653491 -0.0026412 0 -0.332776 0.381965 0.862185 0 -0.562421 0.653492 -0.506587 0 -150.718 15.1168 112.226 1  ]
    AttributeBegin
        NamedMaterial "Metal - tins "
        Shape "plymesh" "string filename" "geometry/mesh_00019.ply"
    AttributeEnd
AttributeEnd
AttributeBegin
    Transform [ -0.137538 -0.924177 0.356344 0 -0.332776 0.381965 0.862185 0 -0.932922 1.68002e-7 -0.360079 0 -147.962 17.5036 112.232 1  ]
    AttributeBegin
        NamedMaterial "White - shiny "
        Shape "plymesh" "string filename" "geometry/mesh_00020.ply"
    AttributeEnd
AttributeEnd
AttributeBegin
    Transform [ 0.944376 -1.69983e-7 0.328867 0 -0.328867 -1.4961e-8 0.944376 0 -1.55608e-7 -1 -7.00304e-8 0 -153.276 36.5146 101.326 1  ]
    AttributeBegin
        NamedMaterial "White - shiny .1"
        Shape "plymesh" "string filename" "geometry/mesh_00021.ply"
    AttributeEnd
AttributeEnd
AttributeBegin
    Transform [ 0.827081 -1.68063e-7 0.562083 0 -0.562083 2.95436e-8 0.827081 0 -1.55608e-7 -1 -7.00304e-8 0 -156.628 36.5211 99.9122 1  ]
    AttributeBegin
        NamedMaterial "White - shiny .1"
        Shape "plymesh" "string filename" "geometry/mesh_00022.ply"
    AttributeEnd
AttributeEnd
AttributeBegin
    Transform [ 0.997314 -1.60319e-7 0.0732382 0 -0.0732382 -5.8446e-8 0.997314 0 -1.55608e-7 -1 -7.00304e-8 0 -149.819 36.5211 102.298 1  ]
    AttributeBegin
        NamedMaterial "White - shiny .1"
        Shape "plymesh" "string filename" "geometry/mesh_00023.ply"
    AttributeEnd
AttributeEnd
AttributeBegin
    Transform [ -0.944376 1.69983e-7 -0.328867 0 0.328867 -7.24618e-8 -0.944376 0 -1.84358e-7 -1 1.25296e-8 0 -142.708 36.5146 70.9772 1  ]
    AttributeBegin
        NamedMaterial "White - shiny .1"
        Shape "plymesh" "string filename" "geometry/mesh_00024.ply"
    AttributeEnd
AttributeEnd
AttributeBegin
    Transform [ -0.82708 1.45436e-7 -0.562083 0 0.562083 -1.13988e-7 -0.82708 0 -1.84358e-7 -1 1.25296e-8 0 -139.356 36.5211 72.3906 1  ]
    AttributeBegin
        NamedMaterial "White - shiny .1"
        Shape "plymesh" "string filename" "geometry/mesh_00025.ply"
    AttributeEnd
AttributeEnd
AttributeBegin
    Transform [ -0.997314 1.82945e-7 -0.0732383 0 0.0732383 -2.5998e-8 -0.997314 0 -1.84358e-7 -1 1.25296e-8 0 -146.165 36.5211 70.0043 1  ]
    AttributeBegin
        NamedMaterial "White - shiny .1"
        Shape "plymesh" "string filename" "geometry/mesh_00026.ply"
    AttributeEnd
AttributeEnd
AttributeBegin
    Transform [ -0.328867 2.87504e-8 0.944376 0 1.69983e-7 1 2.87504e-8 0 -0.944376 1.69983e-7 -0.328867 0 -147.992 19.732 86.1512 1  ]
    AttributeBegin
        NamedMaterial "White - shiny .1"
        Shape "plymesh" "string filename" "geometry/mesh_00027.ply"
    AttributeEnd
AttributeEnd
AttributeBegin
    Transform [ -4.37114e-8 1 0 0 0.318499 1.3922e-8 -0.947923 0 -0.947923 -4.1435e-8 -0.318499 0 -82.643 9.00719 102.311 1  ]
    AttributeBegin
        NamedMaterial "Book67"
        Shape "plymesh" "string filename" "geometry/mesh_00028.ply"
    AttributeEnd
    AttributeBegin
        NamedMaterial "Side pages 1"
Shape "objmesh" "mesh_custom_0" "geometry_custom/mesh_custom_0.obj"
   AttributeEnd
AttributeEnd
AttributeBegin
    Transform [ 0.997428 0.0478161 0.0533978 0 -0.0466359 0.998644 -0.0231339 0 -0.0544316 0.0205841 0.998305 0 -81.6328 -40.4914 97.4164 1  ]
    AttributeBegin
        NamedMaterial "Leather 01"
        Shape "plymesh" "string filename" "geometry/mesh_00029.ply"
    AttributeEnd
AttributeEnd
AttributeBegin
    Transform [ 0.997428 0.0478161 0.0533978 0 -0.0466359 0.998644 -0.0231339 0 -0.0544316 0.0205841 0.998305 0 -70.7275 3.3406 89.9448 1  ]
    AttributeBegin
        NamedMaterial "Material.9"
        Shape "plymesh" "string filename" "geometry/mesh_00030.ply"
    AttributeEnd
AttributeEnd
AttributeBegin
    Transform [ 0.997428 0.0478161 0.0533978 0 -0.0466359 0.998644 -0.0231339 0 -0.0544316 0.0205841 0.998305 0 -81.6328 -40.4914 97.4164 1  ]
    AttributeBegin
        NamedMaterial "Cushion Fabric"
        Shape "plymesh" "string filename" "geometry/mesh_00031.ply"
    AttributeEnd
AttributeEnd
AttributeBegin
    Transform [ 4.37114e-8 -8.74228e-8 -1 0 8.74228e-8 1 -8.74228e-8 0 1 -8.74228e-8 4.37114e-8 0 -199.527 93.325 70.8176 1  ]
    AttributeBegin
        NamedMaterial "White Plastic"
        Shape "plymesh" "string filename" "geometry/mesh_00032.ply"
    AttributeEnd
AttributeEnd
AttributeBegin
    Transform [ 4.37114e-8 -8.74228e-8 -1 0 8.74228e-8 1 -8.74228e-8 0 1 -8.74228e-8 4.37114e-8 0 -199.287 93.325 67.8213 1  ]
    AttributeBegin
        NamedMaterial "White Plastic"
        Shape "plymesh" "string filename" "geometry/mesh_00033.ply"
    AttributeEnd
AttributeEnd
AttributeBegin
    Transform [ 4.37114e-8 -8.74228e-8 -1 0 -0.0869429 0.996213 -9.08921e-8 0 0.996213 0.0869429 3.59451e-8 0 -199.394 93.3031 70.8176 1  ]
    AttributeBegin
        NamedMaterial "White Plastic"
        Shape "plymesh" "string filename" "geometry/mesh_00034.ply"
    AttributeEnd
AttributeEnd
AttributeBegin
    Transform [ 4.37114e-8 -8.74228e-8 -1 0 8.74228e-8 1 -8.74228e-8 0 1 -8.74228e-8 4.37114e-8 0 -199.287 93.325 73.8139 1  ]
    AttributeBegin
        NamedMaterial "White Plastic"
        Shape "plymesh" "string filename" "geometry/mesh_00035.ply"
    AttributeEnd
AttributeEnd
AttributeBegin
    Transform [ -4.37114e-8 0 1 0 -8.74228e-8 -1 -7.10543e-15 0 1 -8.74228e-8 4.37114e-8 0 -199.521 18.1269 -117.935 1  ]
    AttributeBegin
        NamedMaterial "Chrome"
Shape "objmesh" "mesh_custom_1" "geometry_custom/mesh_custom_1.obj"
   AttributeEnd
AttributeEnd
AttributeBegin
    Transform [ 4.37114e-8 -8.74228e-8 -1 0 8.74228e-8 1 -8.74228e-8 0 1 -8.74228e-8 4.37114e-8 0 -199.521 12.9394 -117.935 1  ]
    AttributeBegin
        NamedMaterial "Chrome"
Shape "objmesh" "mesh_custom_2" "geometry_custom/mesh_custom_2.obj"
   AttributeEnd
AttributeEnd
AttributeBegin
    Transform [ 4.37114e-8 -8.74228e-8 -1 0 8.74228e-8 1 -8.74228e-8 0 1 -8.74228e-8 4.37114e-8 0 -200.451 15.5266 -117.935 1  ]
    AttributeBegin
        NamedMaterial "White Plastic"
        Shape "plymesh" "string filename" "geometry/mesh_00036.ply"
    AttributeEnd
AttributeEnd
AttributeBegin
    Transform [ 4.37114e-8 -8.74228e-8 -1 0 8.74228e-8 1 -8.74228e-8 0 1 -8.74228e-8 4.37114e-8 0 -200.451 15.5266 -117.935 1  ]
    AttributeBegin
        NamedMaterial "White Plastic"
        Shape "plymesh" "string filename" "geometry/mesh_00037.ply"
    AttributeEnd
AttributeEnd
AttributeBegin
    Transform [ 4.37114e-8 -8.74228e-8 -1 0 8.74228e-8 1 -8.74228e-8 0 1 -8.74228e-8 4.37114e-8 0 -200.451 15.5266 -117.935 1  ]
    AttributeBegin
        NamedMaterial "White Plastic"
        Shape "plymesh" "string filename" "geometry/mesh_00038.ply"
    AttributeEnd
    AttributeBegin
        NamedMaterial "Black hole"
Shape "objmesh" "mesh_custom_3" "geometry_custom/mesh_custom_3.obj"
   AttributeEnd
AttributeEnd
AttributeBegin
    Transform [ -1 -8.74228e-8 0 0 8.74228e-8 -1 0 0 0 0 1 0 -22.8479 18.1269 -249.583 1  ]
    AttributeBegin
        NamedMaterial "Chrome"
Shape "objmesh" "mesh_custom_4" "geometry_custom/mesh_custom_4.obj"
   AttributeEnd
AttributeEnd
AttributeBegin
    Transform [ 1 0 0 0 0 1 0 0 0 0 1 0 -22.8479 12.9394 -249.583 1  ]
    AttributeBegin
        NamedMaterial "Chrome"
Shape "objmesh" "mesh_custom_5" "geometry_custom/mesh_custom_5.obj"
   AttributeEnd
AttributeEnd
AttributeBegin
    Transform [ 1 0 0 0 0 1 0 0 0 0 1 0 -22.8479 15.5266 -250.513 1  ]
    AttributeBegin
        NamedMaterial "White Plastic"
        Shape "plymesh" "string filename" "geometry/mesh_00039.ply"
    AttributeEnd
AttributeEnd
AttributeBegin
    Transform [ 1 0 0 0 0 1 0 0 0 0 1 0 -22.8479 15.5266 -250.513 1  ]
    AttributeBegin
        NamedMaterial "White Plastic"
        Shape "plymesh" "string filename" "geometry/mesh_00040.ply"
    AttributeEnd
AttributeEnd
AttributeBegin
    Transform [ 1 0 0 0 0 1 0 0 0 0 1 0 -22.8479 15.5266 -250.513 1  ]
    AttributeBegin
        NamedMaterial "White Plastic"
        Shape "plymesh" "string filename" "geometry/mesh_00041.ply"
    AttributeEnd
    AttributeBegin
        NamedMaterial "Black hole"
Shape "objmesh" "mesh_custom_6" "geometry_custom/mesh_custom_6.obj"
   AttributeEnd
AttributeEnd
AttributeBegin
    Transform [ 0.343315 0 -0.93922 0 0 1 0 0 0.93922 0 0.343315 0 177.402 1.29435 -85.7426 1  ]
    AttributeBegin
        NamedMaterial "Paper"
        Shape "plymesh" "string filename" "geometry/mesh_00042.ply"
    AttributeEnd
AttributeEnd
AttributeBegin
    Transform [ 0.343315 0 -0.93922 0 0 1 0 0 0.93922 0 0.343315 0 177.963 1.8306 -86.0102 1  ]
    AttributeBegin
        NamedMaterial "Paper"
        Shape "plymesh" "string filename" "geometry/mesh_00043.ply"
    AttributeEnd
AttributeEnd
AttributeBegin
    Transform [ 0.343315 0 -0.93922 0 0 1 0 0 0.93922 0 0.343315 0 204.737 -0.0849995 -70.9773 1  ]
    AttributeBegin
        NamedMaterial "Fabric 03"
        Shape "plymesh" "string filename" "geometry/mesh_00044.ply"
    AttributeEnd
AttributeEnd
AttributeBegin
    Transform [ 0.343315 0 -0.93922 0 0 1 0 0 0.93922 0 0.343315 0 180.082 4.93961 -107.161 1  ]
    AttributeBegin
        NamedMaterial "Chrome"
        Shape "plymesh" "string filename" "geometry/mesh_00045.ply"
    AttributeEnd
AttributeEnd
AttributeBegin
    Transform [ 0.343315 0 -0.93922 0 0 1 0 0 0.93922 0 0.343315 0 156.088 4.91151 -101.407 1  ]
    AttributeBegin
        NamedMaterial "Chrome"
        Shape "plymesh" "string filename" "geometry/mesh_00046.ply"
    AttributeEnd
AttributeEnd
AttributeBegin
    Transform [ 0.343315 0 -0.93922 0 0 1 0 0 0.93922 0 0.343315 0 204.737 -0.0849998 -70.9773 1  ]
    AttributeBegin
        NamedMaterial "Folder"
        Shape "plymesh" "string filename" "geometry/mesh_00047.ply"
    AttributeEnd
AttributeEnd
AttributeBegin
    Transform [ 0.715966 0 -0.698135 0 0 1 0 0 0.698135 0 0.715966 0 -63.3214 61.4999 184.586 1  ]
    AttributeBegin
        NamedMaterial "Wicker "
        Shape "plymesh" "string filename" "geometry/mesh_00048-000.ply"
        Shape "plymesh" "string filename" "geometry/mesh_00048-001.ply"
    AttributeEnd
AttributeEnd
AttributeBegin
    Transform [ 0.715966 0 -0.698135 0 0 1 0 0 0.698135 0 0.715966 0 -63.8055 60.2916 184.747 1  ]
    AttributeBegin
        NamedMaterial "Wicker "
        Shape "plymesh" "string filename" "geometry/mesh_00049.ply"
    AttributeEnd
AttributeEnd
AttributeBegin
    Transform [ 0.715966 0 -0.698135 0 0 1 0 0 0.698135 0 0.715966 0 -42.5539 26.4336 164.34 1  ]
    AttributeBegin
        NamedMaterial "Wicker "
        Shape "plymesh" "string filename" "geometry/mesh_00050-000.ply"
        Shape "plymesh" "string filename" "geometry/mesh_00050-001.ply"
        Shape "plymesh" "string filename" "geometry/mesh_00050-002.ply"
    AttributeEnd
AttributeEnd
AttributeBegin
    Transform [ 0.715966 0 -0.698135 0 0 1 0 0 0.698135 0 0.715966 0 -42.5539 26.4336 164.34 1  ]
    AttributeBegin
        NamedMaterial "Wicker "
        Shape "plymesh" "string filename" "geometry/mesh_00051-000.ply"
        Shape "plymesh" "string filename" "geometry/mesh_00051-001.ply"
    AttributeEnd
AttributeEnd
AttributeBegin
    Transform [ 0.715966 0 -0.698135 0 0 1 0 0 0.698135 0 0.715966 0 -18.004 54.3199 185.942 1  ]
    AttributeBegin
        NamedMaterial "Wicker .4"
        Shape "plymesh" "string filename" "geometry/mesh_00052.ply"
    AttributeEnd
AttributeEnd
AttributeBegin
    Transform [ 0.715966 0 -0.698135 0 0 1 0 0 0.698135 0 0.715966 0 -63.5272 54.3199 139.256 1  ]
    AttributeBegin
        NamedMaterial "Wicker "
        Shape "plymesh" "string filename" "geometry/mesh_00053.ply"
    AttributeEnd
AttributeEnd
AttributeBegin
    Transform [ 0.715966 0 -0.698135 0 0 1 0 0 0.698135 0 0.715966 0 -67.0419 1.12499 142.74 1  ]
    AttributeBegin
        NamedMaterial "Dents"
        Shape "plymesh" "string filename" "geometry/mesh_00054.ply"
    AttributeEnd
AttributeEnd
AttributeBegin
    Transform [ 0.715966 0 -0.698135 0 0 1 0 0 0.698135 0 0.715966 0 -21.5753 1.12499 189.368 1  ]
    AttributeBegin
        NamedMaterial "Dents"
        Shape "plymesh" "string filename" "geometry/mesh_00055.ply"
    AttributeEnd
AttributeEnd
AttributeBegin
    Transform [ 0.715966 0 -0.698135 0 0 1 0 0 0.698135 0 0.715966 0 -64.0564 39.1143 185.31 1  ]
    AttributeBegin
        NamedMaterial "Dents"
        Shape "plymesh" "string filename" "geometry/mesh_00056.ply"
    AttributeEnd
AttributeEnd
AttributeBegin
    Transform [ 0.715966 0 -0.698135 0 0 1 0 0 0.698135 0 0.715966 0 -43.6281 18.4 142.633 1  ]
    AttributeBegin
        NamedMaterial "Dents"
        Shape "plymesh" "string filename" "geometry/mesh_00057.ply"
    AttributeEnd
AttributeEnd
AttributeBegin
    Transform [ 0.715966 0 -0.698135 0 0 1 0 0 0.698135 0 0.715966 0 -88.5892 27.908 163.571 1  ]
    AttributeBegin
        NamedMaterial "Dents_dupe"
        Shape "plymesh" "string filename" "geometry/mesh_00058.ply"
    AttributeEnd
AttributeEnd
AttributeBegin
    Transform [ 0.715961 0.00397614 -0.698129 0 -0.00284678 0.999992 0.00277588 0 0.698135 0 0.715966 0 -86.0228 40.35 161.069 1  ]
    AttributeBegin
        NamedMaterial "Dents_dupe"
        Shape "plymesh" "string filename" "geometry/mesh_00059.ply"
    AttributeEnd
AttributeEnd
AttributeBegin
    Transform [ 0.666002 0.367016 -0.649415 0 -0.262771 0.930214 0.256227 0 0.698135 0 0.715966 0 -42.1157 34.6503 118.443 1  ]
    AttributeBegin
        NamedMaterial "Dents_dupe"
        Shape "plymesh" "string filename" "geometry/mesh_00060.ply"
    AttributeEnd
AttributeEnd
AttributeBegin
    Transform [ -0.700018 0.209895 0.682583 0 0.150277 0.977724 -0.146535 0 -0.698135 -8.54753e-8 -0.715966 0 3.43827 34.6503 165.161 1  ]
    AttributeBegin
        NamedMaterial "Dents_dupe"
        Shape "plymesh" "string filename" "geometry/mesh_00061.ply"
    AttributeEnd
AttributeEnd
AttributeBegin
    Transform [ -0.701814 -0.19785 0.684334 0 -0.141654 0.980232 0.138126 0 -0.698135 -8.56946e-8 -0.715966 0 -40.3722 40.3611 207.88 1  ]
    AttributeBegin
        NamedMaterial "Dents_dupe"
        Shape "plymesh" "string filename" "geometry/mesh_00062.ply"
    AttributeEnd
AttributeEnd
AttributeBegin
    Transform [ -0.701814 -0.19785 0.684334 0 -0.141654 0.980232 0.138126 0 -0.698135 -8.56946e-8 -0.715966 0 -42.9127 27.9188 210.423 1  ]
    AttributeBegin
        NamedMaterial "Dents_dupe"
        Shape "plymesh" "string filename" "geometry/mesh_00063.ply"
    AttributeEnd
AttributeEnd
AttributeBegin
    Transform [ 0.458861 0 0.655322 0 0 0.8 0 0 -0.655322 0 0.458861 0 -116.174 8.08782 -110.583 1  ]
    AttributeBegin
        NamedMaterial "Metal - tins "
        Shape "plymesh" "string filename" "geometry/mesh_00064.ply"
    AttributeEnd
AttributeEnd
AttributeBegin
    Transform [ 0.458861 0 0.655322 0 0 0.8 0 0 -0.655322 0 0.458861 0 -116.174 8.08782 -110.583 1  ]
    AttributeBegin
        NamedMaterial "Metal - tins "
        Shape "plymesh" "string filename" "geometry/mesh_00065.ply"
    AttributeEnd
AttributeEnd
AttributeBegin
    Transform [ 0.0697916 -0.790692 0.0996728 0 0.453523 0.121678 0.647697 0 -0.655322 0 0.458861 0 -120.204 13.8297 -116.195 1  ]
    AttributeBegin
        NamedMaterial "Metal - tins "
        Shape "plymesh" "string filename" "geometry/mesh_00066.ply"
    AttributeEnd
AttributeEnd
AttributeBegin
    Transform [ -0.0697916 -0.790692 -0.0996727 0 -0.453523 0.121678 -0.647697 0 0.655322 1.06374e-8 -0.458861 0 -112.292 13.8297 -104.896 1  ]
    AttributeBegin
        NamedMaterial "Metal - tins "
        Shape "plymesh" "string filename" "geometry/mesh_00067.ply"
    AttributeEnd
AttributeEnd
AttributeBegin
    Transform [ 0.458861 0 0.655322 0 0 0.8 0 0 -0.655322 0 0.458861 0 -116.288 8.08782 -110.503 1  ]
    AttributeBegin
        NamedMaterial "Material.12"
        Shape "plymesh" "string filename" "geometry/mesh_00068.ply"
    AttributeEnd
AttributeEnd
AttributeBegin
    Transform [ -0.775176 -0.0386319 0.193931 0 -0.0204993 0.796057 0.0766383 0 -0.196676 0.0692909 -0.772345 0 -116.133 14.9612 -110.529 1  ]
    AttributeBegin
        NamedMaterial "Metal - tins "
        Shape "plymesh" "string filename" "geometry/mesh_00069.ply"
    AttributeEnd
AttributeEnd
AttributeBegin
    Transform [ -0.775176 -0.0386319 0.193931 0 -0.0204993 0.796057 0.0766383 0 -0.196676 0.0692909 -0.772345 0 -116.133 14.9612 -110.529 1  ]
    AttributeBegin
        NamedMaterial "Metal - tins "
        Shape "plymesh" "string filename" "geometry/mesh_00070.ply"
    AttributeEnd
AttributeEnd
AttributeBegin
    Transform [ -0.0976415 -0.792671 -0.0462502 0 -0.769275 0.0828958 0.203332 0 -0.196676 0.0692909 -0.772345 0 -109.606 21.0155 -111.733 1  ]
    AttributeBegin
        NamedMaterial "Metal - tins "
        Shape "plymesh" "string filename" "geometry/mesh_00071.ply"
    AttributeEnd
AttributeEnd
AttributeBegin
    Transform [ 0.138163 -0.780919 -0.105243 0 0.76304 0.159261 -0.180019 0 0.196676 -0.0692909 0.772345 0 -122.972 20.3494 -108.389 1  ]
    AttributeBegin
        NamedMaterial "Metal - tins "
        Shape "plymesh" "string filename" "geometry/mesh_00072.ply"
    AttributeEnd
AttributeEnd
AttributeBegin
    Transform [ -0.775176 -0.0386319 0.193931 0 -0.0204993 0.796057 0.0766383 0 -0.196676 0.0692909 -0.772345 0 -116.168 14.9732 -110.663 1  ]
    AttributeBegin
        NamedMaterial "Material.12"
        Shape "plymesh" "string filename" "geometry/mesh_00073.ply"
    AttributeEnd
AttributeEnd
AttributeBegin
    Transform [ 0.916896 -1.49012e-8 -0.399127 0 1.36628e-8 1 -5.94746e-9 0 0.399127 4.44089e-16 0.916896 0 -160.418 3.11302 -113.369 1  ]
    AttributeBegin
        NamedMaterial "Rope"
        Shape "plymesh" "string filename" "geometry/mesh_00074.ply"
    AttributeEnd
AttributeEnd
AttributeBegin
    Transform [ 0.916896 -1.49012e-8 -0.399127 0 1.36628e-8 1 -5.94746e-9 0 0.399127 4.44089e-16 0.916896 0 -154.363 3.08079 -99.3706 1  ]
    AttributeBegin
        NamedMaterial "Poster back 3"
        Shape "plymesh" "string filename" "geometry/mesh_00075.ply"
    AttributeEnd
AttributeEnd
AttributeBegin
    Transform [ 0.997256 0 -0.0740362 0 0 1 0 0 0.0740362 0 0.997256 0 -154.4 2.54403 -128.306 1  ]
    AttributeBegin
        NamedMaterial "Rope"
        Shape "plymesh" "string filename" "geometry/mesh_00076.ply"
    AttributeEnd
AttributeEnd
AttributeBegin
    Transform [ 0.997256 0 -0.0740362 0 0 1 0 0 0.0740362 0 0.997256 0 -154.353 2.54403 -127.666 1  ]
    AttributeBegin
        NamedMaterial "Rope"
        Shape "plymesh" "string filename" "geometry/mesh_00077.ply"
    AttributeEnd
AttributeEnd
AttributeBegin
    Transform [ 0.997256 0 -0.0740362 0 0 1 0 0 0.0740362 0 0.997256 0 -154.259 2.54403 -126.405 1  ]
    AttributeBegin
        NamedMaterial "Rope"
        Shape "plymesh" "string filename" "geometry/mesh_00078.ply"
    AttributeEnd
AttributeEnd
AttributeBegin
    Transform [ 0.997256 0 -0.0740362 0 0 1 0 0 0.0740362 0 0.997256 0 -153.189 2.51826 -111.607 1  ]
    AttributeBegin
        NamedMaterial "Poster back 3.1"
        Shape "plymesh" "string filename" "geometry/mesh_00079.ply"
    AttributeEnd
AttributeEnd
AttributeBegin
    Transform [ 0.964141 0 -0.265392 0 -0.0246168 0.995689 -0.0894302 0 0.264248 0.0927564 0.959984 0 -158.638 8.55921 -122.888 1  ]
    AttributeBegin
        NamedMaterial "Rope"
        Shape "plymesh" "string filename" "geometry/mesh_00080.ply"
    AttributeEnd
AttributeEnd
AttributeBegin
    Transform [ -0.761089 0.595305 -0.257595 0 -0.28658 -0.664871 -0.689796 0 -0.581907 -0.451175 0.676628 0 -162.208 6.99625 -120.986 1  ]
    AttributeBegin
        NamedMaterial "Rope"
Shape "objmesh" "mesh_custom_7" "geometry_custom/mesh_custom_7.obj"
   AttributeEnd
AttributeEnd
AttributeBegin
    Transform [ 0.312587 0.799317 -0.513208 0 -0.246938 -0.453325 -0.856457 0 -0.91723 0.394448 0.0556784 0 -154.984 7.02676 -124.429 1  ]
    AttributeBegin
        NamedMaterial "Rope"
Shape "objmesh" "mesh_custom_8" "geometry_custom/mesh_custom_8.obj"
   AttributeEnd
AttributeEnd
AttributeBegin
    Transform [ 0.964141 0 -0.265392 0 -0.0246168 0.995689 -0.0894302 0 0.264248 0.0927564 0.959984 0 -158.511 5.5841 -123.311 1  ]
    AttributeBegin
        NamedMaterial "Rope"
        Shape "plymesh" "string filename" "geometry/mesh_00081.ply"
    AttributeEnd
AttributeEnd
AttributeBegin
    Transform [ 0.964141 0 -0.265392 0 -0.0246168 0.995689 -0.0894302 0 0.264248 0.0927564 0.959984 0 -154.514 6.96676 -108.657 1  ]
    AttributeBegin
        NamedMaterial "Poster back 3"
        Shape "plymesh" "string filename" "geometry/mesh_00082.ply"
    AttributeEnd
AttributeEnd
AttributeBegin
    Transform [ 0.644505 0.089666 0.122871 0 -0.193494 0.965485 0.310381 0 -0.0887032 -0.218649 0.624842 0 -143.235 49.9548 -155.163 1  ]
    AttributeBegin
        NamedMaterial "Brush top 01"
        Shape "plymesh" "string filename" "geometry/mesh_00083.ply"
    AttributeEnd
    AttributeBegin
        NamedMaterial "DefaultMaterial"
        Shape "plymesh" "string filename" "geometry/mesh_00084.ply"
    AttributeEnd
AttributeEnd
AttributeBegin
    Transform [ 1 0 0 0 0 1 0 0 0 0 1 0 -103.427 0.188339 -161.365 1  ]
    AttributeBegin
        NamedMaterial "Spot catcher"
        Shape "plymesh" "string filename" "geometry/mesh_00085.ply"
    AttributeEnd
AttributeEnd
AttributeBegin
    Transform [ -0.590606 5.16324e-8 0.80696 0 -0.149858 0.982605 -0.10968 0 -0.792923 -0.185707 -0.580332 0 -138.096 198.23 -182.449 1  ]
    AttributeBegin
        NamedMaterial "Frame"
        Shape "plymesh" "string filename" "geometry/mesh_00086.ply"
    AttributeEnd
AttributeEnd
AttributeBegin
    Transform [ -0.590606 5.16324e-8 0.80696 0 -0.149858 0.982605 -0.10968 0 -0.792923 -0.185707 -0.580332 0 -124.468 103.006 -172.475 1  ]
    AttributeBegin
        NamedMaterial "Frame"
        Shape "plymesh" "string filename" "geometry/mesh_00087.ply"
    AttributeEnd
AttributeEnd
AttributeBegin
    Transform [ -0.590606 5.16324e-8 0.80696 0 -0.149858 0.982605 -0.10968 0 -0.792923 -0.185707 -0.580332 0 -134.487 158.585 -179.808 1  ]
    AttributeBegin
        NamedMaterial "Frame"
        Shape "plymesh" "string filename" "geometry/mesh_00088.ply"
    AttributeEnd
AttributeEnd
AttributeBegin
    Transform [ 0.590606 3.57904e-8 -0.80696 0 -0.149859 0.982605 -0.10968 0 0.792923 0.185708 0.580332 0 -125.311 97.9168 -173.102 1  ]
    AttributeBegin
        NamedMaterial "Dents_dupe"
        Shape "plymesh" "string filename" "geometry/mesh_00089.ply"
    AttributeEnd
AttributeEnd
AttributeBegin
    Transform [ 0.991216 -1.21562e-7 0.132256 0 1.17899e-7 1 3.55243e-8 0 -0.132256 -1.96193e-8 0.991216 0 -138.886 63.8277 -152.885 1  ]
    AttributeBegin
        NamedMaterial "Frame"
        Shape "plymesh" "string filename" "geometry/mesh_00090.ply"
    AttributeEnd
AttributeEnd
AttributeBegin
    Transform [ 0.991216 -1.21562e-7 0.132256 0 1.17899e-7 1 3.55243e-8 0 -0.132256 -1.96193e-8 0.991216 0 -110.08 64.3192 -192.088 1  ]
    AttributeBegin
        NamedMaterial "Frame"
        Shape "plymesh" "string filename" "geometry/mesh_00091.ply"
    AttributeEnd
AttributeEnd
AttributeBegin
    Transform [ 0.991216 -1.21562e-7 0.132256 0 1.17899e-7 1 3.55243e-8 0 -0.132256 -1.96193e-8 0.991216 0 -110.715 3.90958 -168.98 1  ]
    AttributeBegin
        NamedMaterial "Frame"
        Shape "plymesh" "string filename" "geometry/mesh_00092.ply"
    AttributeEnd
AttributeEnd
AttributeBegin
    Transform [ 1 0 0 0 0 1 0 0 0 0 1 0 -146.897 161.363 -162.873 1  ]
    AttributeBegin
        NamedMaterial "Smock 03"
        Shape "plymesh" "string filename" "geometry/mesh_00093-000.ply"
        Shape "plymesh" "string filename" "geometry/mesh_00093-001.ply"
    AttributeEnd
    AttributeBegin
        NamedMaterial "Smock 01"
        Shape "plymesh" "string filename" "geometry/mesh_00094.ply"
    AttributeEnd
AttributeEnd
AttributeBegin
    Transform [ -0.78245 -0.249961 -0.570344 0 -0.202716 0.968255 -0.146246 0 0.588794 0.00118783 -0.808282 0 -123.957 121.671 -172.383 1  ]
    AttributeBegin
        NamedMaterial "Wood - frame"
Shape "objmesh" "mesh_custom_9" "geometry_custom/mesh_custom_9.obj"
   AttributeEnd
AttributeEnd
AttributeBegin
    Transform [ -0.78245 -0.249961 -0.570344 0 0.184514 0.781706 -0.595726 0 0.59475 -0.571362 -0.565524 0 -123.92 142.351 -182.033 1  ]
    AttributeBegin
        NamedMaterial "Dents"
        Shape "plymesh" "string filename" "geometry/mesh_00095.ply"
    AttributeEnd
AttributeEnd
AttributeBegin
    Transform [ -0.78245 -0.249961 -0.570344 0 -0.202716 0.968255 -0.146246 0 0.588794 0.00118783 -0.808282 0 -123.763 121.799 -172.299 1  ]
    AttributeBegin
        NamedMaterial "Canva"
        Shape "plymesh" "string filename" "geometry/mesh_00096-000.ply"
        Shape "plymesh" "string filename" "geometry/mesh_00096-001.ply"
        Shape "plymesh" "string filename" "geometry/mesh_00096-002.ply"
    AttributeEnd
AttributeEnd
AttributeBegin
    Transform [ -0.640842 -0.281642 -6.15684e-9 0 -0.281642 0.640842 6.08854e-8 0 -1.88605e-8 5.82171e-8 -0.7 0 -165.363 58.3762 185.039 1  ]
    AttributeBegin
        NamedMaterial "Dents"
        Shape "plymesh" "string filename" "geometry/mesh_00097.ply"
    AttributeEnd
AttributeEnd
AttributeBegin
    Transform [ -0.665926 -0.215739 0 0 -0.215739 0.665926 6.11959e-8 0 -1.88605e-8 5.82171e-8 -0.7 0 -234.476 -75.5425 160.901 1  ]
    AttributeBegin
        NamedMaterial "Canvas 02"
        Shape "plymesh" "string filename" "geometry/mesh_00098.ply"
    AttributeEnd
AttributeEnd
AttributeBegin
    Transform [ -0.665926 -0.215739 0 0 -0.215739 0.665926 6.11959e-8 0 -1.88605e-8 5.82171e-8 -0.7 0 -162.489 45.5065 175.306 1  ]
    AttributeBegin
        NamedMaterial "Wood frame"
        Shape "plymesh" "string filename" "geometry/mesh_00099.ply"
    AttributeEnd
AttributeEnd
AttributeBegin
    Transform [ -0.665926 -0.215739 0 0 -0.215739 0.665926 6.11959e-8 0 -1.88605e-8 5.82171e-8 -0.7 0 -183.802 116.381 183.408 1  ]
    AttributeBegin
        NamedMaterial "Wood frame.1"
        Shape "plymesh" "string filename" "geometry/mesh_00100.ply"
    AttributeEnd
AttributeEnd
AttributeBegin
    Transform [ -0.665926 -0.215739 0 0 -0.215739 0.665926 6.11959e-8 0 -1.88605e-8 5.82171e-8 -0.7 0 -183.236 114.633 129.311 1  ]
    AttributeBegin
        NamedMaterial "Wood frame.2"
        Shape "plymesh" "string filename" "geometry/mesh_00101.ply"
    AttributeEnd
AttributeEnd
AttributeBegin
    Transform [ 0.665926 0.215738 -5.34992e-15 0 0.215738 -0.665926 -6.11959e-8 0 -1.88605e-8 5.82171e-8 -0.7 0 -145.002 2.85751 129.311 1  ]
    AttributeBegin
        NamedMaterial "Wood frame.3"
        Shape "plymesh" "string filename" "geometry/mesh_00102.ply"
    AttributeEnd
AttributeEnd
AttributeBegin
    Transform [ -0.665926 -0.215739 0 0 -0.215739 0.665926 6.11959e-8 0 -1.88605e-8 5.82171e-8 -0.7 0 -183.802 116.381 127.475 1  ]
    AttributeBegin
        NamedMaterial "Wood frame.4"
        Shape "plymesh" "string filename" "geometry/mesh_00103.ply"
    AttributeEnd
AttributeEnd
AttributeBegin
    Transform [ -0.665926 -0.215739 0 0 -0.215739 0.665926 6.11959e-8 0 -1.88605e-8 5.82171e-8 -0.7 0 -162.489 45.5065 175.306 1  ]
    AttributeBegin
        NamedMaterial "Wood frame.5"
        Shape "plymesh" "string filename" "geometry/mesh_00104.ply"
    AttributeEnd
AttributeEnd
AttributeBegin
    Transform [ -0.665926 -0.215739 0 0 -0.215739 0.665926 6.11959e-8 0 -1.88605e-8 5.82171e-8 -0.7 0 -183.236 114.633 129.311 1  ]
    AttributeBegin
        NamedMaterial "Wood frame.6"
        Shape "plymesh" "string filename" "geometry/mesh_00105.ply"
    AttributeEnd
AttributeEnd
AttributeBegin
    Transform [ 0.665926 0.215738 -5.34992e-15 0 -0.215738 0.665926 0 0 5.32907e-15 -3.55271e-15 0.7 0 -181.406 115.226 240.509 1  ]
    AttributeBegin
        NamedMaterial "Wood frame.7"
        Shape "plymesh" "string filename" "geometry/mesh_00106.ply"
    AttributeEnd
AttributeEnd
AttributeBegin
    Transform [ -0.480077 -0.139735 -5.11715e-9 0 -0.139735 0.480077 4.34108e-8 0 -7.21881e-9 4.31112e-8 -0.5 0 -176.848 51.0505 152.129 1  ]
    AttributeBegin
        NamedMaterial "Dents_dupe"
        Shape "plymesh" "string filename" "geometry/mesh_00107.ply"
    AttributeEnd
AttributeEnd
AttributeBegin
    Transform [ -0.493134 -0.0825736 0 0 -0.0825736 0.493134 4.37114e-8 0 -7.21881e-9 4.31112e-8 -0.5 0 -168.561 1.09007 169.1 1  ]
    AttributeBegin
        NamedMaterial "Canvas 02"
        Shape "plymesh" "string filename" "geometry/mesh_00108.ply"
    AttributeEnd
AttributeEnd
AttributeBegin
    Transform [ -0.493134 -0.0825736 0 0 -0.0825736 0.493134 4.37114e-8 0 -7.21881e-9 4.31112e-8 -0.5 0 -174.925 34.344 135.414 1  ]
    AttributeBegin
        NamedMaterial "Frame 02"
        Shape "plymesh" "string filename" "geometry/mesh_00109.ply"
    AttributeEnd
AttributeEnd
AttributeBegin
    Transform [ -0.493134 -0.0825736 0 0 -0.0825736 0.493134 4.37114e-8 0 -7.21881e-9 4.31112e-8 -0.5 0 -173.077 34.677 135.414 1  ]
    AttributeBegin
        NamedMaterial "Frame 02.1"
        Shape "plymesh" "string filename" "geometry/mesh_00110.ply"
    AttributeEnd
AttributeEnd
AttributeBegin
    Transform [ -0.493134 -0.0825736 0 0 -0.0825736 0.493134 4.37114e-8 0 -7.21881e-9 4.31112e-8 -0.5 0 -174.925 34.344 135.414 1  ]
    AttributeBegin
        NamedMaterial "Frame 02.1"
        Shape "plymesh" "string filename" "geometry/mesh_00111.ply"
    AttributeEnd
AttributeEnd
AttributeBegin
    Transform [ -0.493134 -0.0825736 0 0 -0.0825736 0.493134 4.37114e-8 0 -7.21881e-9 4.31112e-8 -0.5 0 -174.925 34.344 135.414 1  ]
    AttributeBegin
        NamedMaterial "Frame 02"
        Shape "plymesh" "string filename" "geometry/mesh_00112.ply"
    AttributeEnd
AttributeEnd
AttributeBegin
    Transform [ -0.493134 -0.0825736 0 0 -0.0825736 0.493134 4.37114e-8 0 -7.21881e-9 4.31112e-8 -0.5 0 -174.925 34.344 135.414 1  ]
    AttributeBegin
        NamedMaterial "Frame 02"
        Shape "plymesh" "string filename" "geometry/mesh_00113.ply"
    AttributeEnd
AttributeEnd
AttributeBegin
    Transform [ -0.493134 -0.0825736 0 0 1.08282e-8 -6.46668e-8 0.5 0 -0.0825736 0.493134 6.55671e-8 0 -173.077 34.677 135.414 1  ]
    AttributeBegin
        NamedMaterial "Frame 02.5"
        Shape "plymesh" "string filename" "geometry/mesh_00114.ply"
    AttributeEnd
AttributeEnd
AttributeBegin
    Transform [ -0.493134 -0.0825736 0 0 -0.0825736 0.493134 4.37114e-8 0 -7.21881e-9 4.31112e-8 -0.5 0 -174.022 35.2845 136.17 1  ]
    AttributeBegin
        NamedMaterial "Frame 02.6"
        Shape "plymesh" "string filename" "geometry/mesh_00115.ply"
    AttributeEnd
AttributeEnd
AttributeBegin
    Transform [ -0.493134 -0.0825736 0 0 -3.60941e-9 2.15556e-8 -0.5 0 0.0825736 -0.493134 -2.18557e-8 0 -177.682 67.2166 101.86 1  ]
    AttributeBegin
        NamedMaterial "Frame 02"
        Shape "plymesh" "string filename" "geometry/mesh_00116.ply"
    AttributeEnd
AttributeEnd
AttributeBegin
    Transform [ -0.493134 -0.0825736 0 0 0.0825736 -0.493134 0 0 0 0 0.5 0 -177.682 67.2166 103.262 1  ]
    AttributeBegin
        NamedMaterial "Frame 02"
        Shape "plymesh" "string filename" "geometry/mesh_00117.ply"
    AttributeEnd
AttributeEnd
AttributeBegin
    Transform [ -0.493134 -0.0825736 0 0 1.08282e-8 -6.46668e-8 0.5 0 -0.0825736 0.493134 6.55671e-8 0 -166.831 2.41207 168.268 1  ]
    AttributeBegin
        NamedMaterial "Frame 02"
        Shape "plymesh" "string filename" "geometry/mesh_00118.ply"
    AttributeEnd
AttributeEnd
AttributeBegin
    Transform [ -0.493134 -0.0825736 0 0 1.08282e-8 -6.46668e-8 0.5 0 -0.0825736 0.493134 6.55671e-8 0 -166.831 2.41207 168.268 1  ]
    AttributeBegin
        NamedMaterial "Frame 02"
        Shape "plymesh" "string filename" "geometry/mesh_00119.ply"
    AttributeEnd
AttributeEnd
AttributeBegin
    Transform [ -0.493134 -0.0825736 0 0 0.0825736 -0.493134 0 0 0 0 0.5 0 -166.831 2.41207 102.561 1  ]
    AttributeBegin
        NamedMaterial "Frame 02"
        Shape "plymesh" "string filename" "geometry/mesh_00120.ply"
    AttributeEnd
AttributeEnd
AttributeBegin
    Transform [ -0.493134 -0.0825736 0 0 0.0825736 -0.493134 0 0 0 0 0.5 0 -166.831 2.41207 102.561 1  ]
    AttributeBegin
        NamedMaterial "Frame 02"
        Shape "plymesh" "string filename" "geometry/mesh_00121.ply"
    AttributeEnd
AttributeEnd
AttributeBegin
    Transform [ -0.493134 -0.0825736 0 0 -3.60941e-9 2.15556e-8 -0.5 0 0.0825736 -0.493134 -2.18557e-8 0 -177.451 65.8335 168.268 1  ]
    AttributeBegin
        NamedMaterial "Frame 02"
        Shape "plymesh" "string filename" "geometry/mesh_00122.ply"
    AttributeEnd
AttributeEnd
AttributeBegin
    Transform [ -0.493134 -0.0825736 0 0 -0.0825736 0.493134 4.37114e-8 0 -7.21881e-9 4.31112e-8 -0.5 0 -177.682 67.2166 168.268 1  ]
    AttributeBegin
        NamedMaterial "Frame 02"
        Shape "plymesh" "string filename" "geometry/mesh_00123.ply"
    AttributeEnd
AttributeEnd
AttributeBegin
    Transform [ -0.480077 -0.139735 -5.11715e-9 0 -0.129682 0.445539 0.18622 0 -0.052043 0.1788 -0.464028 0 -179.537 67.1582 168.862 1  ]
    AttributeBegin
        NamedMaterial "Dents_dupe"
        Shape "plymesh" "string filename" "geometry/mesh_00124.ply"
    AttributeEnd
AttributeEnd
AttributeBegin
    Transform [ 1 0 0 0 0 1 0 0 0 0 1 0 -183.037 102.352 122.019 1  ]
    AttributeBegin
        NamedMaterial "Dents_dupe"
        Shape "plymesh" "string filename" "geometry/mesh_00125.ply"
    AttributeEnd
AttributeEnd
AttributeBegin
    Transform [ 0.993124 0.117067 0 0 -0.117067 0.993124 0 0 0 0 1 0 -171.027 1.78046 88.0766 1  ]
    AttributeBegin
        NamedMaterial "Canvas 02"
        Shape "plymesh" "string filename" "geometry/mesh_00126.ply"
    AttributeEnd
AttributeEnd
AttributeBegin
    Transform [ 0.993124 0.117067 0 0 -0.117067 0.993124 0 0 0 0 1 0 -177.392 69.1956 155.448 1  ]
    AttributeBegin
        NamedMaterial "Frame 02"
        Shape "plymesh" "string filename" "geometry/mesh_00127.ply"
    AttributeEnd
AttributeEnd
AttributeBegin
    Transform [ 0.993124 0.117067 0 0 -0.117067 0.993124 0 0 0 0 1 0 -181.128 68.8018 155.448 1  ]
    AttributeBegin
        NamedMaterial "Frame 02.1"
        Shape "plymesh" "string filename" "geometry/mesh_00128.ply"
    AttributeEnd
AttributeEnd
AttributeBegin
    Transform [ 0.993124 0.117067 0 0 -0.117067 0.993124 0 0 0 0 1 0 -177.392 69.1956 155.448 1  ]
    AttributeBegin
        NamedMaterial "Frame 02.1"
        Shape "plymesh" "string filename" "geometry/mesh_00129.ply"
    AttributeEnd
AttributeEnd
AttributeBegin
    Transform [ 0.993124 0.117067 0 0 -0.117067 0.993124 0 0 0 0 1 0 -177.392 69.1956 155.448 1  ]
    AttributeBegin
        NamedMaterial "Frame 02"
